range = [ 10000, 20000, 50000, 100000, 200000, 500000, 1000000, 2000000, 5000000]

times_sort = [ 5.28829e+06, 8.75819e+06, 1.339e+06, 2.1851e+06, 4.00219e+06, 8.89606e+06, 2.37328e+07, 2.78486e+07, 5.84735e+07]

times_gen_locPtrs = [ 1.48399e+07, 1.41024e+06, 1.5447e+06, 1.74928e+06, 5.6291e+06, 1.95804e+06, 1.95026e+06, 2.16062e+06, 3.16267e+06]

sum = [ 2.01282e+07, 1.01684e+07, 2.8837e+06, 3.93438e+06, 9.63129e+06, 1.08541e+07, 2.5683e+07, 3.00092e+07, 6.16362e+07]

